ans =

   1
   1
   1
   1
   1
   1
   1
   1
   1
   1
   1
   1
   1
   1
   1
   1
   1
   1
   1
   1

ans =

    3.4572
    4.1961
    4.9350
    5.6739
    6.4128
    7.1517
    7.8906
    8.6295
    9.3684
   10.1073
   10.8462
   11.5851
   12.3241
   13.0630
   13.8019
   14.5408
   15.2797
   16.0186
   16.7575
   17.4964

ans =

   1
   1
   1
   1
   1
   1
   1
   1
   1
   1
   1
   1
   1
   1
   1
   1
   1
   1
   1
   1

ans =

    3.4572
    4.1961
    4.9350
    5.6739
    6.4128
    7.1517
    7.8906
    8.6295
    9.3684
   10.1073
   10.8462
   11.5851
   12.3241
   13.0630
   13.8019
   14.5408
   15.2797
   16.0186
   16.7575
   17.4964


!! Submission failed: operator *: nonconformant arguments (op1 is 20x2, op2 is 4x1)


Function: computeCost
FileName: /home/kushagra/Downloads/machine-learning-ex1/ex1/computeCost.m
LineNumber: 18

Please correct your code and resubmit.
